-0.0635 -0.4317 0.8998
-0.0629 -0.3178 0.9461
-0.0612 -0.1901 0.9799
-0.0584 -0.0540 0.9968
-0.0544 0.0834 0.9950
-0.0496 0.2143 0.9755
-0.0443 0.3332 0.9418
-0.0389 0.4368 0.8987
-0.1892 -0.4244 0.8855
-0.1940 -0.3111 0.9304
-0.1959 -0.1844 0.9631
-0.1944 -0.0496 0.9797
-0.1893 0.0863 0.9781
-0.1810 0.2160 0.9595
-0.1705 0.3338 0.9271
-0.1587 0.4367 0.8855
-0.3079 -0.4109 0.8581
-0.3172 -0.2995 0.8998
-0.3222 -0.1757 0.9302
-0.3219 -0.0445 0.9457
-0.3159 0.0876 0.9447
-0.3048 0.2140 0.9281
-0.2900 0.3293 0.8986
-0.2727 0.4306 0.8604
-0.4153 -0.3925 0.8206
-0.4279 -0.2842 0.8580
-0.4350 -0.1649 0.8852
-0.4355 -0.0391 0.8993
-0.4290 0.0875 0.8990
-0.4162 0.2089 0.8850
-0.3983 0.3205 0.8594
-0.3771 0.4193 0.8258
-0.5091 -0.3711 0.7766
-0.5235 -0.2667 0.8092
-0.5319 -0.1530 0.8329
-0.5329 -0.0336 0.8455
-0.5263 0.0863 0.8459
-0.5125 0.2018 0.8346
-0.4931 0.3087 0.8134
-0.4696 0.4044 0.7848
-0.5888 -0.3482 0.7294
-0.6040 -0.2484 0.7573
-0.6127 -0.1407 0.7777
-0.6140 -0.0284 0.7888
-0.6075 0.0843 0.7898
-0.5937 0.1933 0.7811
-0.5738 0.2950 0.7640
-0.5495 0.3871 0.7404
0.0479 -0.4348 0.8992
0.0478 -0.3228 0.9453
0.0469 -0.1968 0.9793
0.0451 -0.0618 0.9971
0.0424 0.0751 0.9963
0.0391 0.2065 0.9777
0.0353 0.3265 0.9446
0.0314 0.4314 0.9016
0.1726 -0.4291 0.8866
0.1780 -0.3176 0.9314
0.1809 -0.1925 0.9645
0.1808 -0.0587 0.9818
0.1773 0.0770 0.9811
0.1708 0.2073 0.9632
0.1620 0.3264 0.9313
0.1519 0.4307 0.8896
0.2910 -0.4172 0.8610
0.3011 -0.3074 0.9027
0.3073 -0.1850 0.9335
0.3086 -0.0546 0.9496
0.3045 0.0776 0.9494
0.2954 0.2046 0.9332
0.2824 0.3212 0.9039
0.2668 0.4240 0.8655
0.3987 -0.4002 0.8252
0.4122 -0.2934 0.8626
0.4208 -0.1752 0.8901
0.4230 -0.0499 0.9047
0.4185 0.0768 0.9049
0.4077 0.1991 0.8912
0.3917 0.3119 0.8656
0.3722 0.4122 0.8316
0.4932 -0.3800 0.7825
0.5088 -0.2768 0.8152
0.5187 -0.1639 0.8391
0.5215 -0.0450 0.8520
0.5169 0.0752 0.8527
0.5052 0.1915 0.8415
0.4875 0.2996 0.8201
0.4657 0.3968 0.7910
0.5740 -0.3580 0.7364
0.5904 -0.2592 0.7643
0.6007 -0.1522 0.7848
0.6039 -0.0401 0.7961
0.5993 0.0729 0.7972
0.5874 0.1827 0.7884
0.5693 0.2856 0.7710
0.5465 0.3790 0.7468
