1.2909 1.5776 2.1336
1.4631 1.7925 2.4682
1.5545 1.9180 2.7242
1.7602 2.1768 3.0301
1.7279 2.1498 3.0611
1.5688 1.9421 2.7248
1.3936 1.7078 2.3211
1.2080 1.4764 1.9763
1.2295 1.4984 2.0260
1.4458 1.7675 2.3859
1.5463 1.8966 2.6195
1.6013 1.9824 2.8096
1.3375 1.6527 2.3357
1.2749 1.5674 2.1652
1.1091 1.3597 1.8693
0.9702 1.1858 1.6049
0.9955 1.2162 1.6311
1.0802 1.3193 1.7739
1.1699 1.4296 1.9543
1.2303 1.5120 2.1303
1.2041 1.4710 2.0114
1.1526 1.4258 1.9985
0.9439 1.1633 1.6018
0.8950 1.0899 1.4848
0.7665 0.9353 1.2305
0.8243 1.0016 1.3218
0.9355 1.1459 1.5246
0.8552 1.0492 1.4348
0.9326 1.1453 1.5503
0.8660 1.0638 1.4227
0.8056 0.9773 1.3102
0.7071 0.8664 1.1502
0.6617 0.8044 1.0661
0.7439 0.9065 1.1847
0.7885 0.9637 1.2759
0.8130 0.9918 1.3046
0.6696 0.8164 1.0947
0.6251 0.7595 1.0002
0.5768 0.6971 0.9181
0.4526 0.5490 0.7189
0.4760 0.5795 0.7562
0.4413 0.5344 0.6963
0.4824 0.5882 0.7778
0.5722 0.6939 0.9000
0.5573 0.6788 0.8736
0.4963 0.6014 0.7825
0.4769 0.5790 0.7569
0.4441 0.5355 0.7039
0.6692 0.8165 1.0739
0.7547 0.9281 1.2667
0.8589 1.0648 1.4761
0.9085 1.1260 1.5798
0.9137 1.1416 1.6207
0.8277 1.0258 1.4394
0.7439 0.9130 1.2096
0.6237 0.7678 1.0262
0.6529 0.7992 1.0555
0.7497 0.9209 1.2479
0.8114 1.0038 1.3814
0.8479 1.0434 1.4341
0.7427 0.9200 1.2500
0.6645 0.8138 1.1055
0.6396 0.7864 1.0852
0.5278 0.6473 0.8678
0.5377 0.6524 0.8641
0.6381 0.7850 1.0438
0.6579 0.8060 1.0715
0.6935 0.8598 1.1945
0.6737 0.8253 1.1331
0.6463 0.7899 1.0713
0.5517 0.6736 0.9222
0.5245 0.6407 0.8572
0.4382 0.5348 0.7124
0.4866 0.5893 0.7842
0.5352 0.6560 0.8890
0.5540 0.6756 0.9112
0.5441 0.6688 0.9116
0.5276 0.6456 0.8673
0.4846 0.5938 0.7970
0.4266 0.5214 0.7015
0.3853 0.4654 0.5977
0.4272 0.5208 0.6815
0.4604 0.5585 0.7373
0.4569 0.5546 0.7311
0.4420 0.5378 0.7086
0.4274 0.5211 0.6802
0.3950 0.4820 0.6348
0.3352 0.4028 0.5303
0.3065 0.3707 0.4767
0.3445 0.4176 0.5390
0.3691 0.4501 0.5840
0.3987 0.4867 0.6366
0.3609 0.4397 0.5708
0.3553 0.4307 0.5694
0.3344 0.4032 0.5286
0.3028 0.3634 0.4785
